ID;Age;Height;Weight;Gender;LasSJ1;PresSJ1;AceSJ1;VidSJ1;LasSJ2;PresSJ2;AceSJ2;VidSJ2;LasCMJ1;PresCMJ1;AceCMJ1;VidCMJ1;LasCMJ2;PresCMJ2;AceCMJ2;VidCMJ2;LasABK1;PresABK1;AceABK1;VidABK1;LasABK2;PresABK2;AceABK2;VidABK2
1;23;159;59,8;M;21,6;20,625;20,140;22,045032000;22,3;23,740;24,845;22,568027625;24,5;24,285;24,830;24,831562500;23,9;24,830;24,310;23,9;27,6;28,250;28,250;28,135202625;29,9;25,940;24,845;29,082848625
2;18;168;60,2;F;37,9;35,270;35,760;36,959297625;39,5;39,145;NA;38,730370500;41,2;40,545;38,460;40,401994500;42,5;42,680;41,970;42,5;52,4;51,800;51,860;51,649772625;51,4;50,220;47,905;51,015065625
3;21;170;74,2;F;23,1;25,385;23,740;22,990838625;27,3;27,690;25,995;27,550894500;30,8;31,270;28,845;30,533747625;30,8;31,890;31,275;30,8;34,0;35,095;33,805;33,669882000;43,5;42,680;44,150;43,412315625
4;26;185;76,0;F;36,3;37,100;35,100;35,890007625;35,2;35,095;34,450;34,836413625;40,5;40,545;37,090;39,840862500;NA;NA;NA;NA;53,4;51,800;49,475;51,649772625;53,4;53,410;49,450;53,092210500
5;18;157;58,4;M;29,3;30,650;28,265;28,607063625;27,5;27,080;25,960;26,628754500;34,0;35,095;NA;33,157800000;32,2;33,165;30,665;32,2;33,0;36,495;33,805;32,649642000;39,7;41,260;39,840;38,730370500
6;22;162;67,3;M;22,5;23,750;21,630;22,568027625;24,0;24,285;24,285;23,848232625;26,0;25,385;NA;26,173570500;27,3;28,250;25,390;27,3;31,1;31,840;30,665;30,046190625;35,1;33,795;33,160;34,836413625
7;19;181;70,5;F;20,7;NA;NA;NA;20,8;NA;NA;NA;33,6;35,765;31,425;33,157800000;33,0;34,440;33,160;33,0;37,6;39,840;39,170;37,635574500;37,2;38,450;NA;37,635574500
8;18;166;86,6;F;22,7;25,940;24,830;22,990838625;22,1;23,740;21,630;22,884768000;23,0;24,830;23,750;22,990838625;25,3;24,830;26,520;25,3;32,4;34,440;32,525;32,649642000;31,7;31,890;NA;31,645098000
9;18;165;56,2;M;19,3;18,175;17,755;19,522022625;19,8;21,120;19,135;20,014362000;21,1;20,970;19,135;21,631050000;22,8;24,285;23,750;22,8;22,7;27,080;23,740;21,631050000;25,8;22,670;22,670;25,722310500
10;21;189;80,0;F;31,4;33,150;29,440;31,148712000;31,0;33,150;31,890;31,148712000;36,5;34,440;34,450;36,422690625;35,1;34,440;32,525;35,1;43,8;44,140;42,690;42,830582625;44,7;NA;39,855;44,145000000
11;24;173;63,4;F;36,9;37,090;37,090;36,959297625;27,6;27,665;28,250;27,087862500;37,3;38,450;37,800;37,635574500;38,4;38,450;42,700;38,4;45,1;44,140;47,905;45,330048000;46,3;NA;NA;45,928458000
12;21;176;72,7;F;26,3;25,940;27,100;25,163753625;28,3;29,440;29,490;26,972717625;32,7;31,890;36,425;31,396414500;34,4;35,095;33,170;34,4;47,2;48,660;47,905;46,530792000;45,9;45,620;46,385;44,735562000
13;21;182;78,0;F;30,1;30,650;28,250;30,046190625;32,7;28,250;33,805;33,157800000;34,5;33,150;33,825;34,315502625;36,8;35,750;NA;36,8;38,0;35,095;37,775;39,840862500;41,5;41,250;39,150;41,678888625
14;23;182;82,2;F;27,1;26,510;27,100;NA;26,7;26,540;24,845;NA;32,7;32,520;28,875;NA;34,3;35,095;31,890;34,3;38,6;38,450;38,465;NA;41,1;40,565;39,855;NA
15;18;151;46,0;M;14,7;15,455;15,455;14,258957625;19,8;18,650;20,115;19,522022625;24,0;23,740;24,285;23,848232625;24,7;25,385;25,960;24,7;29,4;27,665;28,305;29,082848625;32,1;31,270;32,525;30,533747625
16;21;184;74,2;F;31,8;31,295;31,910;32,649642000;31,7;32,520;32,525;32,649642000;36,4;34,440;35,175;35,361248625;36,3;36,420;37,800;36,3;39,2;40,545;39,855;38,730370500;42,2;41,965;42,735;41,678888625
17;21;170;61,8;F;19,8;20,610;18,650;19,522022625;24,7;26,510;27,100;24,282815625;35,1;35,095;33,805;34,836413625;33,9;34,450;30,050;33,9;46,8;45,620;41,970;46,530792000;33,9;41,965;37,775;34,445362500
18;18;180;88,7;F;33,8;35,095;37,090;35,890007625;33,4;31,890;32,555;NA;36,0;37,770;36,425;36,422690625;35,6;34,440;34,460;35,6;37,5;37,090;39,840;37,635574500;37,7;41,965;37,775;37,635574500
19;19;182;84,3;F;23,9;24,305;25,960;23,417573625;26,5;25,940;26,520;26,173570500;27,2;25,410;27,670;26,628754500;28,5;29,450;28,875;28,5;35,9;35,750;35,810;35,361248625;35,5;37,530;NA;35,361248625
20;19;164;63,0;F;35,2;NA;NA;NA;38,0;38,450;NA;37,635574500;44,0;44,140;41,970;42,830582625;42,5;NA;NA;42,5;50,2;50,220;49,650;50,384282625;51,0;NA;46,215;51,015065625
21;18;159;59,4;M;24,8;25,010;24,315;24,282815625;22,4;22,785;22,685;NA;26,3;22,150;21,630;NA;26,5;25,940;25,960;26,5;29,7;30,045;NA;NA;30,1;30,650;NA;NA
22;18;179;71,0;F;27,3;28,845;25,390;27,087862500;29,9;35,750;30,050;29,082848625;34,0;33,795;NA;33,669882000;34,7;35,750;33,805;34,7;40,9;NA;NA;41,108927625;41,8;40,545;40,545;41,108927625
23;20;169;63,4;F;37,1;38,465;37,110;36,959297625;36,1;35,750;34,450;35,890007625;43,2;44,880;45,645;43,412315625;42,5;44,140;43,420;42,5;49,2;52,605;46,385;49,134488625;50,5;51,010;51,020;49,757423625
24;19;171;63,0;F;30,1;30,650;30,660;30,533747625;26,3;27,080;27,090;27,550894500;33,5;34,440;33,160;34,315502625;33,1;33,150;33,160;33,1;43,4;44,140;39,840;44,145000000;46,0;45,620;45,630;45,928458000
25;31;183;64,2;M;18,9;18,640;18,650;19,132565625;18,9;18,640;18,650;19,132565625;21,1;21,610;21,630;21,631050000;19,5;20,130;20,140;19,5;21,5;21,610;21,630;22,045032000;23,7;23,740;23,750;24,282815625
26;19;162;53,5;M;23,3;22,670;23,740;23,417573625;24,8;24,820;24,830;24,282815625;26,9;28,250;27,090;27,087862500;26,7;27,080;27,090;26,7;29,8;29,440;30,660;30,533747625;32,2;31,890;33,160;32,145408000
27;19;168;66,7;M;18,6;17,700;17,710;20,814858000;NA;17,700;17,710;19,132565625;18,9;18,650;18,660;19,132565625;19,1;19,620;20,610;19,1;22,8;22,660;22,670;23,848232625;21,9;21,630;22,670;22,568027625
28;18;176;77,5;F;28,8;28,250;24,830;28,607063625;30,0;30,650;30,660;29,562557625;33,1;33,220;33,805;32,649642000;NA;34,100;34,120;NA;42,5;42,590;42,600;42,252773625;42,2;41,965;42,600;41,108927625
29;19;175;66,3;F;28,7;29,200;29,200;32,145408000;30,5;30,650;30,660;33,157800000;25,8;25,940;25,950;27,550894500;28,0;27,080;27,080;28,0;39,9;39,840;39,850;42,830582625;NA;41,250;41,260;40,401994500
30;22;180;73,7;F;37,5;37,080;37,090;37,635574500;37,2;38,450;39,840;36,959297625;38,1;38,450;38,460;38,181010500;38,1;38,450;38,460;38,1;49,2;48,660;50,230;49,757423625;NA;47,130;47,140;49,134488625
31;28;184;75,2;F;25,3;24,830;22,670;25,722310500;23,4;23,740;23,740;23,417573625;NA;27,080;27,090;NA;25,7;25,940;25,950;25,7;32,9;33,150;33,160;32,649642000;32,1;34,440;35,810;31,645098000
32;18;169;55,0;F;26,8;27,080;27,090;26,173570500;28,0;30,650;28,250;28,607063625;30,1;30,650;30,660;29,562557625;31,1;31,880;31,890;31,1;39,1;39,840;39,840;38,730370500;40,4;39,840;39,840;39,840862500
33;22;173;75,3;F;33,9;34,440;34,450;34,315502625;33,6;33,150;33,160;33,669882000;37,9;37,090;38,460;36,959297625;37,5;37,090;35,740;37,5;44,0;44,140;42,690;44,145000000;NA;39,840;39,840;40,401994500
34;22;168;68,6;F;26,3;25,940;25,950;27,550894500;28,6;28,250;27,090;32,649642000;32,1;30,650;30,660;32,145408000;32,2;30,650;30,660;32,2;38,3;37,750;37,090;38,181010500;37,5;37,090;41,250;37,771565625
35;19;174;63,1;F;31,5;31,890;31,890;31,148712000;31,7;31,890;31,890;31,148712000;NA;30,650;30,660;30,533747625;31,7;31,890;31,890;31,7;43,1;42,680;42,690;42,252773625;45,0;45,620;45,630;45,330048000
36;24;173;72,1;F;30,9;30,650;30,660;30,046190625;35,3;35,750;38,460;35,361248625;38,6;38,450;41,250;38,181010500;40,1;41,250;41,250;40,1;NA;48,660;51,810;47,137050000;NA;45,620;47,140;45,330048000
37;18;177;66,2;F;24,8;23,740;25,950;25,274974500;29,7;29,200;29,200;29,082848625;33,5;33,220;33,800;33,669882000;35,7;35,090;35,100;35,7;NA;37,090;37,200;38,181010500;36,8;36,420;36,430;36,959297625
38;18;177;74,8;F;22,3;22,670;22,670;22,045032000;25,6;25,940;25,950;25,274974500;26,5;25,940;27,090;27,550894500;27,1;27,080;27,090;27,1;35,2;35,750;35,760;35,361248625;33,9;34,440;34,450;32,649642000
39;19;172;64,7;F;25,7;25,940;26,510;25,722310500;27,4;27,080;28,250;27,087862500;37,2;37,090;38,460;36,422690625;35,1;35,750;35,760;35,1;41,2;41,250;41,260;40,401994500;43,7;42,680;42,690;42,830582625
40;19;165;62,8;M;19,7;21,630;21,630;20,014362000;17,7;17,700;17,710;17,987738625;20,3;20,610;22,670;18,365423625;18,5;19,620;19,620;18,5;24,8;24,830;27,090;24,831562500;23,5;24,830;24,830;22,990838625
41;29;171;64,1;F;27,3;27,080;27,090;27,087862500;22,8;22,670;22,670;22,568027625;35,6;35,750;38,460;35,890007625;35,5;35,750;37,090;35,5;36,7;36,420;36,430;36,422690625;36,7;36,420;36,430;35,890007625
42;21;179;82,6;F;24,5;24,830;24,840;23,848232625;25,5;25,940;25,950;25,722310500;32,6;31,890;33,230;31,645098000;30,8;30,650;30,660;30,8;36,8;36,420;37,200;36,959297625;36,8;36,420;37,200;35,890007625
43;19;171;69,0;F;28,2;28,250;28,250;28,607063625;28,9;28,250;30,660;29,082848625;33,4;31,890;29,440;33,157800000;NA;30,650;35,760;NA;NA;35,750;35,760;37,635574500;38,3;37,090;37,090;38,181010500
44;21;187;120,0;F;21,5;21,630;21,630;23,848232625;22,2;23,740;23,750;25,274974500;25,3;24,830;24,840;26,628754500;24,2;23,740;23,740;24,2;NA;28,240;28,250;33,157800000;NA;29,440;29,450;33,157800000
45;20;162;60,0;M;22,0;22,670;23,740;23,848232625;23,9;23,740;24,840;22,990838625;28,3;28,240;28,250;29,082848625;27,5;27,090;27,090;27,5;28,8;28,240;28,250;30,046190625;32,5;31,880;33,160;35,890007625
46;21;177;64,0;M;18,7;18,640;18,650;18,365423625;20,5;21,630;21,630;20,014362000;22,7;22,670;23,740;22,568027625;24,7;24,830;24,840;24,7;29,3;29,440;29,450;29,082848625;31,1;31,880;31,880;31,148712000
47;18;169;59,2;M;23,2;23,740;23,740;23,848232625;28,2;28,250;29,200;29,082848625;29,4;29,200;29,200;29,082848625;30,4;30,650;30,660;30,4;36,9;37,090;38,460;36,959297625;37,9;38,450;38,460;38,730370500
48;19;172;63,5;M;19,6;20,610;20,610;20,412648000;20,6;20,610;20,610;20,814858000;23,9;24,830;23,740;23,848232625;24,2;24,830;24,830;24,2;28,8;29,440;29,440;29,562557625;31,9;31,890;31,890;32,145408000
49;19;167;61,8;M;14,7;15,020;15,020;15,021562500;17,5;17,700;17,710;18,365423625;17,5;17,700;17,710;17,613977625;22,0;22,670;23,670;22,0;20,6;20,690;20,690;21,220992000;25,1;25,940;25,950;25,274974500
50;21;165;62,2;M;20,3;20,610;20,610;19,522022625;21,3;21,630;21,630;20,814858000;22,0;22,670;22,670;22,045032000;23,5;23,740;23,750;23,5;26,4;24,830;27,080;25,722310500;28,5;28,240;29,440;27,550894500
51;20;174;62,9;F;36,8;39,840;38,460;36,959297625;38,0;38,460;38,460;NA;44,5;41,250;41,250;42,830582625;40,8;41,250;41,250;40,8;48,9;48,660;48,660;47,747232000;47,4;47,130;47,140;45,928458000
52;18;165;59,7;M;23,0;23,740;23,740;23,417573625;21,3;21,630;21,630;21,220992000;24,6;24,830;25,950;26,173570500;26,0;25,950;27,090;26,0;29,7;29,440;30,650;29,562557625;26,8;25,950;27,090;30,533747625
53;27;172;65,3;F;27,6;27,080;27,090;26,628754500;31,7;30,650;30,660;30,533747625;37,7;37,090;37,090;36,959297625;38,1;37,090;37,090;38,1;45,7;45,620;45,630;45,928458000;48,9;48,660;48,660;48,515477625
54;21;178;83,7;F;24,0;28,250;28,250;23,417573625;21,8;21,630;21,630;22,045032000;24,9;25,940;25,950;24,282815625;26,8;25,940;25,950;26,8;33,1;35,750;35,760;32,649642000;39,2;41,250;41,250;38,730370500
55;19;180;70,3;F;32,4;33,150;33,160;32,649642000;33,0;33,150;34,440;35,361248625;36,3;37,090;37,090;38,181010500;37,6;37,090;37,090;37,6;39,8;39,840;39,840;41,108927625;40,8;41,250;41,250;40,401994500
56;18;174;81,3;F;29,3;27,080;27,090;29,082848625;29,3;29,440;29,440;28,135202625;26,6;25,940;25,950;26,173570500;29,3;27,090;27,090;29,3;34,3;35,750;35,760;35,361248625;36,1;36,420;36,430;35,890007625
57;20;183;78,6;F;26,0;25,940;25,950;26,628754500;24,0;22,670;22,670;24,831562500;29,7;28,250;28,250;30,533747625;30,5;30,650;30,660;30,5;32,0;31,890;31,890;33,669882000;35,1;34,440;34,450;35,361248625
58;19;176;70,0;F;27,6;27,080;27,090;28,607063625;30,1;30,650;30,660;29,082848625;32,6;31,890;31,890;30,533747625;31,4;33,150;33,160;31,4;37,3;38,450;38,460;36,422690625;39,9;39,840;39,840;39,283654500
59;21;183;78,9;F;30,5;31,890;30,660;30,533747625;31,0;31,890;31,890;30,533747625;33,6;33,150;34,440;34,315502625;34,7;34,440;34,440;34,7;38,7;38,450;38,460;39,283654500;41,8;41,250;42,690;41,678888625
60;21;181;73,9;F;25,9;25,940;25,950;25,722310500;24,6;23,740;25,950;24,282815625;28,2;28,250;28,250;27,550894500;28,5;28,250;28,250;28,5;37,7;37,090;38,460;37,635574500;38,1;38,450;38,460;38,181010500
61;19;169;61,1;F;37,7;38,450;38,460;36,959297625;36,1;35,750;37,090;35,890007625;37,1;37,090;37,090;36,422690625;39,0;38,450;39,840;39,0;44,3;44,140;44,150;43,412315625;44,1;44,140;44,150;43,412315625
